0
431
841
1100
1356
1623
1881
2084
2224
2457
2683
2889
3067
3268
3463
3660
3830
4022
4213
4384
4544
4708
4872
5026
5168
5317
5460
5595
5724
5847
5965
6090
6224
6345
6468
6588
6691
6811
6907
7020
7132
7246
7358
7466
7581
7694
7806
7908
8007
8119
8229
8313
8413
8505
8610
8699
8802
8885
8973
9073
9164
9262
9356
9436
9516
9609
9698
9792
9884
9971
10059
10142
10212
10298
10379
10460
10546
10630
10711
10787
10872
10935
11015
11070
11149
11226
11308
11381
11463
11539
11590
11666
11744
11815
11891
11968
12039
12109
12168
12243
12319
12367
12442
12516
12588
12662
12726
12792
12862
12935
13008
13078
13148
13191
13263
13334
13396
13467
13536
13601
13670
13739
13802
13868
13935
13999
14066
14126
14190
14254
14321
14384
14449
14511
14573
14637
14702
14767
14831
14896
14960
15015
15080
15144
15209
15259
15322
15378
15438
15493
15548
15604
15665
15725
15785
15846
15908
15967
16015
16076
16131
16191
16246
16302
16361
16419
16472
16529
16587
16641
16693
16742
16786
16835
16891
16946
17001
17043
17098
17149
17201
17254
17304
17356
17410
17461
17515
17568
17620
17668
17719
17772
17825
17877
17926
17978
18030
18081
18133
18182
18225
18263
18312
18363
18413
18459
18508
18559
18609
18649
18695
18744
18794
18843
18893
18943
18987
19033
19083
19132
19180
19227
19274
19322
19365
19403
19449
19496
19544
19585
19630
19678
19725
19772
19820
19864
19908
19956
20004
20050
20097
20143
20166
20203
20250
20291
20329
20376
20423
20469
20511
20546
20591
20637
20675
20720
20765
20811
20854
20898
20943
20986
21032
21068
21114
21159
21196
21239
21284
21329
21374
21418
21461
21504
21546
21591
21634
21670
21715
21759
21797
21834
21876
21920
21961
22000
22040
22084
22124
22167
22208
22251
22293
22335
22378
22421
22464
22503
22544
22576
22619
22659
22702
22744
22781
22809
22849
22890
22933
22973
23012
23047
23087
23125
23167
23207
23247
23288
23328
23361
23403
23445
23487
23525
23563
23605
23645
23683
23718
23758
23798
23838
23875
23912
23953
23990
24031
24070
24107
24142
24179
24219
24260
24301
24339
24378
24414
24454
24494
24533
24572
24612
24651
24691
24731
24771
24811
24850
24885
24923
24962
24999
25037
25076
25112
25144
25177
25213
25250
25283
25321
25358
25392
25427
25465
25502
25540
25578
25614
25652
25689
25725
25760
25795
25829
25863
25900
25933
25969
26006
26043
26080
26106
26141
26176
26213
26250
26284
26321
26358
26394
26428
26463
26499
26534
26569
26605
26641
26675
26711
26743
26777
26813
26849
26884
26919
26953
26986
27017
27049
27083
27114
27149
27183
27218
27252
27287
27321
27356
27388
27422
27457
27492
27523
27544
27572
27605
27635
27668
27701
27735
27767
27800
27833
27866
27885
27915
27948
27981
28012
28046
28080
28113
28143
28177
28209
28242
28275
28307
28336
28370
28402
28436
28470
28504
28537
28569
28600
28628
28660
28693
28726
28757
28790
28823
28855
28888
28921
28951
28983
29014
29047
29080
29112
29145
29178
29211
29239
29270
29303
29332
29363
29395
29428
29460
29493
29525
29554
29585
29617
29644
29675
29703
29735
29763
29794
29826
29858
29886
29913
29945
29975
30005
30037
30067
30098
30130
30162
30192
30224
30256
30288
30315
30347
30379
30399
30429
30460
30486
30515
30546
30575
30602
30633
30664
30695
30725
30756
30787
30818
30848
30876
30904
30935
30966
30997
31028
31059
31090
31120
31151
31176
31205
31236
31266
31295
31326
31356
31386
31413
31443
31472
31499
31529
31559
31589
31619
31649
31679
31708
31738
31759
31789
31818
31846
31874
31904
31924
31948
31978
32008
32038
32068
32095
32125
32153
32181
32210
32236
32265
32293
32321
32350
32379
32407
32434
32463
32490
32518
32547
32575
32604
32633
32662
32688
32715
32742
32767
32794
32823
32852
32880
32909
32935
32963
32988
33016
33043
33069
33096
33124
33151
33179
33207
33235
33263
33291
33319
33347
33375
33403
33431
33459
33483
33510
33538
33566
33594
33622
33649
33674
33701
33726
33753
33781
33809
33835
33863
33891
33917
33943
33969
33996
34021
34048
34076
34103
34131
34157
34184
34210
34228
34254
34280
34307
34334
34360
34386
34412
34430
34456
34480
34506
34531
34552
34578
34605
34632
34659
34686
34712
34739
34765
34792
34816
34843
34870
34894
34915
34939
34965
34992
35019
35046
35073
35099
35122
35141
35165
35189
35215
35240
35258
35284
35300
35326
35352
35378
35404
35430
35452
35478
35502
35528
35554
35580
35606
35632
35658
35684
35709
35734
35758
35784
35810
35836
35859
35884
35908
35933
35955
35980
35998
36020
36043
36067
36092
36116
36141
36166
36191
36215
36239
36261
36285
36310
36335
36359
36382
36407
36431
36455
36479
36504
36529
36554
36579
36604
36629
36654
36678
36703
36725
36749
36772
36796
36821
36845
36870
36895
36920
36944
36969
36994
37019
37044
37067
37090
37113
37137
37157
37178
37202
37226
37250
37273
37297
37321
37342
37363
37379
37402
37422
37446
37470
37492
37515
37539
37563
37587
37611
37635
37657
37679
37696
37720
37744
37768
37792
37815
37839
37863
37887
37911
37933
37956
37980
38004
38028
38052
38076
38098
38121
38145
38168
38192
38215
38239
38262
38285
38309
38333
38356
38375
38397
38420
38441
38464
38486
38506
38528
38550
38572
38595
38618
38640
38663
38685
38708
38731
38753
38776
38799
38821
38844
38866
38889
38912
38935
38958
38980
39003
39026
39047
39070
39092
39113
39133
39156
39178
39200
39223
39246
39268
39290
39313
39335
39356
39378
39400
39422
39444
39460
39480
39494
39512
39534
39555
39577
39599
39621
39641
39663
39685
39707
39728
39749
39769
39790
39812
39834
39855
39875
39897
39919
39937
39959
39981
40002
40024
40046
40068
40090
40111
40130
40150
40171
40193
40213
40235
40257
40277
40294
40315
40335
40357
40379
40395
40417
40438
40459
40481
40503
40523
40545
40567
40589
40610
40631
40653
40668
40688
40710
40732
40754
40770
40792
40813
40835
40857
40879
40900
40921
40942
40962
40980
41000
41018
41039
41060
41081
41101
41121
41142
41163
41184
41205
41225
41246
41267
41288
41309
41326
41346
41367
41388
41408
41426
41447
41468
41489
41510
41531
41552
41568
41589
41609
41627
41646
41667
41687
41708
41728
41749
41770
41791
41811
41832
41852
41873
41894
41915
41936
41957
41978
41994
42015
42035
42056
42077
42098
42115
42136
42155
42176
42197
42216
42237
42258
42279
42299
42320
42340
42360
42381
42402
42420
42441
42460
42480
42500
42519
42540
42561
42582
42602
42623
42643
42664
42684
42703
42722
42743
42760
42780
42800
42820
42839
42858
42878
42898
42918
42938
42958
42977
42997
43014
43030
43049
43065
43084
43104
43124
43143
43163
43183
43203
43223
43243
43258
43278
43298
43318
43335
43355
43374
43394
43413
43432
43452
43472
43490
43510
43530
43550
43570
43589
43609
43629
43649
43669
43689
43709
43729
43748
43765
43785
43805
43825
43844
43857
43877
43895
43914
43934
43954
43973
43992
44012
44032
44050
44068
44088
44108
44128
44148
44165
44185
44205
44224
44244
44264
44282
44298
44317
44336
44355
44375
44391
44408
44427
44447
44463
44480
44500
44518
44537
44557
44574
44594
44613
44633
44653
44673
44691
44708
44727
44747
44767
44786
44806
44825
44845
44864
44883
44902
44921
44940
44959
44978
44997
45016
45033
45052
45071
45090
45109
45124
45142
45161
45180
45198
45210
45228
45247
45265
45283
45302
45321
45340
45359
45378
45394
45413
45430
45449
45462
45481
45499
45517
45536
45555
45574
45593
45612
45631
45650
45669
45688
45706
45722
45741
45758
45772
45791
45810
45829
45848
45866
45885
45904
45923
45941
45960
45979
45998
46017
46036
46055
46074
46092
46111
46130
46149
46165
46184
46203
46220
46239
46257
46275
46294
46313
46331
46350
46364
46383
46402
46421
46440
46459
46478
46497
46516
46535
46553
46571
46589
46607
46625
46644
46663
46682
46700
46715
46733
46752
46769
46788
46807
46825
46844
46863
46881
46900
46914
46933
46950
46968
46986
47003
47021
47039
47056
47074
47091
47109
47126
47144
47162
47180
47193
47211
47229
47247
47264
47282
47300
47318
47336
47354
47372
47390
47408
47426
47444
47462
47480
47498
47516
47534
47552
47570
47588
47605
47623
47641
47658
47671
47688
47706
47724
47741
47759
47777
47795
47811
47828
47846
47864
47881
47899
47917
47935
47953
47971
47989
48005
48021
48039
48057
48075
48092
48110
48128
48144
48161
48178
48196
48214
48232
48250
48268
48286
48304
48322
48340
48356
48373
48390
48408
48425
48443
48459
48476
48494
48512
48530
48547
48565
48583
48601
48617
48635
48653
48671
48687
48704
48722
48740
48758
48775
48793
48811
48829
48847
48864
48882
48900
48918
48936
48953
48969
48987
49005
49023
49041
49059
49076
49094
49112
49129
49147
49165
49183
49200
49217
49234
49251
49268
49285
49302
49319
49335
49352
49368
49385
49401
49418
49435
49452
49467
49482
49496
49511
49528
49544
49561
49578
49593
49608
49625
49642
49658
49675
49692
49709
49726
49738
49755
49772
49788
49803
49820
49837
49854
49871
49888
49905
49922
49939
49956
49973
49990
50007
50024
50041
50058
50075
50090
50107
50123
50139
50155
50170
50187
50204
50219
50236
50253
50269
50286
50303
50319
50336
50353
50369
50386
50402
50419
50434
50451
50468
50485
50501
50517
50534
50551
50568
50585
50602
50619
50636
50653
50669
50686
50702
50719
50736
50753
50770
50787
50803
50819
50836
50853
50870
50887
50904
50921
50938
50954
50971
50988
51005
51018
51035
51052
51065
51079
51094
51111
51128
51145
51161
51176
51193
51210
51227
51244
51260
51277
51294
51310
51327
51343
51359
51375
51391
51408
51425
51442
51458
51475
51492
51509
51526
51543
51560
51576
51593
51609
51625
51642
51659
51676
51693
51709
51726
51743
51760
51776
51790
51806
51822
51838
51854
51870
51883
51898
51914
51926
51941
51957
51973
51989
52005
52021
52036
52052
52067
52080
52096
52112
52128
52143
52159
52175
52191
52207
52222
52238
52254
52267
52283
52299
52315
52331
52347
52363
52379
52395
52411
52427
52443
52459
52475
52489
52504
52520
52536
52551
52567
52583
52598
52614
52630
52645
52661
52677
52693
52709
52725
52741
52757
52772
52787
52799
52815
52831
52845
52861
52877
52892
52908
52924
52940
52956
52972
52988
53004
53020
53034
53048
53060
53076
53092
53107
53123
53139
53155
53171
53187
53203
53219
53233
53249
53264
53279
53293
53307
53323
53339
53354
53367
53382
53398
53412
53428
53444
53460
53476
53492
53508
53524
53539
53555
53571
53587
53603
53619
53635
53649
53665
53681
53697
53713
53729
53745
53760
53776
53789
53805
53821
53837
53853
53867
53883
53895
53911
53927
53943
53959
53975
53990
54004
54018
54034
54050
54065
54081
54097
54113
54129
54145
54161
54177
54193
54208
54224
54240
54254
54269
54284
54299
54314
54329
54344
54359
54374
54388
54403
54417
54432
54447
54462
54475
54489
54504
54519
54534
54549
54563
54576
54591
54605
54620
54634
54649
54664
54679
54693
54708
54722
54737
54752
54767
54782
54797
54811
54826
54839
54854
54869
54884
54899
54914
54929
54944
54959
54974
54989
55004
55019
55034
55049
55064
55079
55091
55106
55118
55133
55148
55163
55178
55192
55207
55222
55236
55251
55265
55280
55295
55310
55325
55340
55355
55370
55385
55400
55414
55427
55442
55457
55472
55487
55499
55513
55528
55543
55558
55573
55588
55603
55618
55633
55648
55663
55678
55693
55708
55723
55736
55751
55766
55781
55796
55811
55826
55841
55856
55871
55886
55901
55915
55930
55945
55960
55974
55989
56004
56019
56034
56049
56064
56079
56094
56109
56124
56139
56154
56169
56184
56199
56214
56229
56244
56259
56274
56289
56304
56319
56334
56349
56363
56378
56392
56407
56421
56436
56451
56466
56481
56496
56510
56525
56538
56551
56565
56580
56595
56610
56623
56638
56652
56667
56681
56696
56711
56726
56741
56756
56771
56786
56801
56815
56829
56843
56857
56871
56884
56898
56912
56926
56940
56954
56968
56982
56996
57010
57023
57037
57050
57062
57076
57090
57104
57117
57131
57144
57158
57172
57185
57199
57213
57226
57240
57254
57266
57280
57294
57308
57322
57335
57349
57363
57377
57391
57405
57419
57433
57447
57461
57475
57489
57503
57517
57531
57545
57559
57573
57586
57600
57614
57627
57641
57655
57669
57683
57697
57711
57724
57738
57752
57764
57778
57791
57805
57819
57832
57845
57859
57873
57887
57899
57913
57927
57941
57955
57969
57983
57997
58011
58025
58038
58051
58064
58078
58092
58106
58120
58133
58147
58161
58175
58188
58201
58215
58229
58242
58256
58269
58282
58296
58310
58324
58337
58351
58365
58378
58392
58405
58419
58433
58447
58461
58474
58488
58502
58516
58530
58544
58556
58570
58584
58598
58612
58626
58639
58653
58667
58681
58694
58708
58722
58734
58748
58761
58775
58789
58801
58815
58829
58843
58857
58871
58885
58897
58911
58925
58939
58953
58967
58980
58993
59007
59020
59034
59048
59062
59076
59089
59103
59117
59131
59145
59159
59172
59186
59200
59214
59228
59242
59256
59270
59284
59298
59312
59326
59340
59354
59368
59381
59394
59408
59422
59436
59450
59464
59476
59490
59504
59518
59532
59546
59560
59573
59586
59599
59613
59627
59640
59653
59666
59680
59692
59704
59717
59730
59743
59756
59769
59782
59795
59808
59821
59834
59846
59859
59872
59885
59898
59911
59923
59936
59949
59962
59975
59988
60001
60014
60027
60040
60053
60066
60079
60092
60105
60118
60130
60142
60155
60168
60181
60193
60206
60219
60232
60245
60257
60269
60282
60295
60308
60321
60333
60346
60359
60372
60385
60398
60411
60424
60437
60450
60463
60476
60489
60502
60515
60527
60539
60552
60564
60577
60589
60602
60615
60628
60641
60654
60667
60679
60692
60705
60718
60731
60744
60757
60770
60782
60795
60808
60821
60833
60846
60858
60871
60884
60897
60910
60923
60936
60949
60962
60975
60988
61001
61014
61027
61040
61053
61066
61079
61091
61103
61116
61128
61140
61153
61165
61178
61191
61204
61217
61230
61243
61255
61267
61280
61293
61305
61317
61330
61343
61356
61368
61381
61393
61406
61419
61431
61444
61457
61470
61482
61495
61508
61521
61533
61546
61559
61572
61585
61598
61611
61624
61636
61649
61662
61675
61688
61701
61713
61726
61739
61751
61764
61777
61790
61803
61815
61828
61841
61854
61867
61880
61892
61904
61916
61929
61942
61955
61967
61980
61993
62006
62018
62030
62043
62056
62069
62082
62095
62108
62121
62134
62147
62160
62173
62186
62199
62212
62225
62238
62251
62264
62277
62290
62303
62316
62328
62341
62354
62367
62380
62393
62406
62419
62432
62444
62457
62470
62482
62494
62507
62520
62532
62545
62557
62570
62583
62595
62608
62621
62634
62647
62660
62673
62686
62699
62712
62725
62738
62751
62763
62776
62789
62802
62815
62828
62841
62854
62867
62880
62893
62906
62919
62932
62945
62958
62971
62984
62997
63010
63023
63036
63049
63062
63075
63088
63100
63113
63126
63139
63152
63165
63178
63191
63203
63215
63227
63240
63253
63266
63279
63291
63303
63315
63327
63339
63351
63363
63375
63387
63399
63411
63423
63435
63447
63459
63471
63483
63495
63507
63519
63531
63543
63555
63567
63579
63591
63603
63615
63627
63639
63651
63663
63675
63687
63699
63711
63723
63735
63747
63759
63771
63783
63795
63807
63819
63831
63843
63855
63867
63879
63891
63903
63915
63927
63939
63951
63963
63975
63987
63999
64011
64023
64035
64047
64059
64071
64083
64095
64107
64119
64131
64143
64155
64167
64179
64191
64203
64215
64227
64239
64251
64263
64275
64287
64299
64311
64323
64335
64347
64359
64371
64383
64395
64407
64419
64431
64443
64455
64467
64479
64491
64503
64515
64527
64539
64551
64563
64575
64587
64599
64611
64623
64635
64647
64659
64671
64683
64695
64707
64719
64731
64743
64755
64767
64779
64791
64803
64815
64827
64839
64851
64863
64875
64887
64899
64911
64923
64935
64947
64959
64971
64983
64995
65007
65019
65031
65043
65055
65067
65079
65091
65103
65115
65127
65139
65151
65163
65175
65187
65199
65211
65223
65235
65247
65259
65271
65283
65295
65307
65319
65331
65343
65355
65367
65379
65391
65403
65415
65427
65439
65451
65463
65475
65487
65499
65511
65523
65535
65547
65559
65571
65583
65595
65607
65619
65631
65643
65655
65667
65679
65691
65703
65715
65727
65739
65751
65763
65775
65787
65799
65811
65823
65835
65847
65859
65871
65883
65895
65907
65919
65931
65943
65955
65967
65979
65991
66003
66015
66027
66039
66051
66063
66075
66087
66099
66111
66123
66135
66147
66159
66171
66183
66195
66207
66219
66231
66243
66255
66267
66279
66291
66303
66315
66327
66339
66351
66363
66375
66387
66399
66411
66423
66435
66447
66459
