1
2
5
11
12
13
14
15
17
18
19
20
21
22
23
24
25
26
27
28
29
30
32
33
34
36
39
40
41
42
44
45
46
47
50
52
54
56
57
58
59
60
62
63
64
66
71
73
74
75
80
81
83
84
85
86
88
89
93
94
95
97
98
100
102
105
108
110
112
113
114
115
116
117
118
119
120
121
125
126
127
129
130
131
132
133
135
139
140
141
144
148
154
155
156
157
161
162
168
169
170
172
173
178
179
180
182
183
187
189
191
192
193
196
198
199
202
204
205
209
210
212
213
214
215
217
218
219
220
225
226
227
228
229
230
231
232
233
234
235
238
241
243
244
245
250
251
252
253
254
257
258
259
260
261
262
263
264
265
267
268
273
280
281
282
283
284
285
286
288
289
290
291
292
293
295
296
297
298
299
304
305
307
311
312
314
316
317
319
320
326
327
330
334
335
336
337
344
345
346
348
350
357
358
361
362
363
366
368
369
370
371
374
375
376
377
379
382
384
387
389
390
397
398
399
402
404
405
406
407
416
417
418
419
420
423
425
429
430
434
437
438
440
441
444
448
449
450
451
452
455
458
459
460
461
463
467
468
473
474
476
478
483
484
485
486
490
491
492
496
497
499
500
503
505
508
510
511
512
514
515
517
519
521
523
525
528
531
532
533
538
540
541
543
545
546
547
548
550
552
553
554
556
557
558
566
574
575
576
577
578
580
581
585
586
587
588
589
594
596
598
599
600
601
603
610
611
612
613
614
615
617
619
620
621
622
623
625
630
631
632
633
635
636
637
643
644
645
648
650
651
652
654
657
661
664
666
669
672
673
674
675
677
682
683
684
687
688
689
690
691
692
693
694
695
698
704
706
707
708
709
711
713
715
716
717
718
719
720
722
723
724
725
726
727
728
730
734
735
738
741
742
746
747
748
750
753
755
756
757
758
759
760
761
765
766
767
768
769
770
771
772
773
775
776
777
778
779
781
782
783
784
787
791
792
793
794
795
796
797
801
802
803
805
808
810
812
815
818
820
823
825
826
827
830
832
833
834
836
837
838
839
840
844
845
846
847
848
850
854
855
856
857
860
861
863
864
865
866
867
869
871
875
876
877
878
880
882
883
884
886
889
890
891
892
893
894
896
897
899
900
903
904
906
907
910
911
912
915
922
931
932
935
936
938
939
940
941
943
944
945
946
948
949
954
955
957
958
959
960
961
962
963
968
971
974
980
981
982
984
985
987
988
989
990
991
992
994
995
996
997
1008
1015
1016
1017
1018
1019
1022
1024
1025
1027
1030
1034
1035
1036
1037
1038
1041
1042
1044
1045
1046
1049
1050
1051
1053
1054
1057
1059
1061
1062
1064
1066
1067
1068
1069
1070
1072
1073
1074
1075
1076
1077
1078
1080
1081
1082
1083
1085
1086
1087
1088
1089
1090
1091
1092
1093
1095
1097
1098
1100
1101
1102
1103
1107
1109
1110
1112
1113
1114
1115
1117
1119
1120
1122
1123
1124
1125
1128
1129
1130
1131
1133
1134
1138
1139
1140
1141
1142
1144
1150
1151
1152
1153
1154
1155
1156
1157
1160
1164
1166
1167
1169
1172
1173
1174
1175
1176
1178
1180
1181
1182
1183
1184
1185
1186
1189
1192
1195
1197
1198
1199
1201
1202
1207
1209
1211
1213
1215
1217
1218
1221
1223
1224
1226
1227
1230
1231
1232
1236
1237
1239
1240
1241
1242
1243
1244
1249
1252
1253
1254
1255
1256
1257
1258
1261
1263
1272
1273
1280
1281
1282
1283
1284
1292
1293
1295
1299
1302
1308
1315
1318
1320
1322
1325
1327
1328
1330
1331
1344
1351
1352
1353
1354
1357
1358
1362
1365
1366
1371
1376
1389
1392
1394
1398
1399
1403
1409
1428
1429
1430
1432
1433
1440
1442
1447
1455
1460
1461
1463
1468
1469
1470
1471
1472
1480
1481
1483
1485
1486
1491
1494
1495
1496
1497
1498
1499
1501
1504
1513
1521
1525
1527
1528
1529
1534
1540
1552
1561
1563
1566
1567
1568
1570
1571
1578
1579
1585
1590
1594
1595
1596
1597
1602
1603
1612
1614
1630
1637
1639
1640
1641
1644
1646
1651
1652
1666
1667
1668
1677
1679
1685
1687
1688
1689
1690
1691
1692
1699
1706
1707
1708
1709
1713
1719
1720
1721
1723
1724
1725
1727
1729
1730
1738
1744
1745
1746
1749
1751
1753
1761
1762
1766
1769
1774
1780
1783
1786
1787
1788
1790
1792
1794
1795
1797
1798
1800
1801
1808
1822
1824
1829
1833
1834
1835
1836
1839
1840
1841
1842
1846
1849
1850
1854
1856
1861
1863
1866
1867
1869
1870
1871
1872
1873
1874
1875
1876
1877
1879
1880
1881
1882
1883
1886
1887
1888
1893
1894
1897
1898
1900
1902
1903
1904
1909
1910
1911
1912
1914
1917
1919
1920
1921
1923
1924
1925
1928
1929
1930
1933
1935
1937
1939
1946
1947
1948
1949
1951
1952
1953
1955
1956
1958
1960
1962
1963
1969
1970
1976
1977
1979
1981
1982
1983
1984
1985
1987
1992
1993
1994
1997
1998
2001
2007
2009
2010
2013
2017
2018
2020
2021
2022
2024
2028
2029
2031
2032
2035
2037
2039
2040
2043
2044
2047
2048
2049
2052
2053
2056
2057
2059
2064
2066
2071
2072
2073
2074
2076
2078
2079
2080
2083
2085
2087
2088
2089
2090
2097
2101
2102
2103
2106
2107
2108
2109
2112
2113
2114
2116
2117
2118
2119
2124
2125
2126
2127
2128
2129
2131
2132
2133
2135
2136
2137
2138
2142
2146
2148
2150
2151
2154
2155
2156
2157
2158
2167
2170
2173
2174
2177
2178
2181
2182
2185
2186
2195
2198
2200
2201
2202
2204
2205
2207
2208
2209
2210
2211
2212
2213
2215
2216
2218
2220
2227
2230
2232
2233
2237
2239
2240
2241
2245
2251
2253
2256
2258
2262
2264
2265
2266
2267
2270
2272
2273
2275
2281
2283
2289
2292
2293
2294
2295
2298
2301
2302
2303
2304
2305
2307
2309
2310
2311
2312
2314
2315
2318
2319
2320
2321
2322
2323
2324
2326
2331
2332
2334
2335
2336
2337
2339
2343
2347
2350
2352
2353
2354
2356
2357
2361
2363
2364
2365
2366
2368
2369
2370
2371
2372
2374
2375
2376
2378
2384
2385
2386
2389
2394
2396
2397
2398
2399
2401
2411
2413
2414
2415
2423
2424
2425
2429
2430
2432
2433
2434
2435
2436
2437
2439
2440
2441
2443
2448
2449
2454
2455
2457
2458
2461
2462
2464
2467
2468
2469
2472
2475
2478
2483
2487
2490
2491
2496
2497
2498
2499
2500
2505
2506
2517
2518
2521
2525
2527
2535
2543
2544
2546
2548
2550
2552
2555
2556
2562
2564
2565
2569
2571
2572
2573
2574
2575
2576
2580
2583
2585
2586
2588
2589
2591
2594
2595
2599
2602
2603
2604
2605
2608
2610
2612
2615
2619
2620
2621
2622
2623
2624
2625
2627
2628
2632
2633
2634
2636
2637
2638
2639
2645
2648
2649
2652
2653
2654
2658
2662
2663
2664
2667
2668
2669
2671
2674
2675
2677
2678
2682
2684
2686
2687
2688
2689
2690
2691
2694
2695
2696
2699
2702
2705
2708
2715
2716
2717
2722
2723
2726
2727
2728
2729
2730
2732
2737
2742
2746
2755
2757
2758
2759
2761
2764
2765
2767
2769
2770
2771
2773
2775
2778
2780
2781
2782
2785
2787
2800
2801
2802
2804
2806
2807
2808
2809
2810
2811
2813
2815
2817
2818
2822
2824
2826
2829
2830
2831
2836
2838
2839
2841
2843
2844
2846
2849
2850
2852
2859
2864
2867
2869
2870
2871
2872
2873
2876
2879
2880
2882
2889
2893
2895
2899
2902
2903
2904
2905
2906
2908
2917
2921
2922
2924
2925
2927
2929
2931
2932
2934
2936
2939
2943
2945
2948
2949
2951
2952
2954
2955
2960
2963
2967
2968
2969
2972
2974
2976
2980
2982
2983
2984
2985
2987
2991
2992
2994
2995
2996
3001
3002
3005
3007
3008
3009
3010
3013
3015
3016
3017
3018
3019
3022
3025
3027
3028
3030
3035
3038
3045
3046
3047
3049
3050
3051
3055
3056
3057
3058
3059
3060
3061
3062
3063
3064
3065
3067
3068
3069
3071
3072
3074
3077
3078
3080
3081
3082
3083
3084
3085
3086
3095
3097
3099
3100
3101
3102
3103
3104
3106
3107
3111
3112
3113
3114
3116
3118
3119
3120
3121
3122
3126
3127
3128
3129
3130
3132
3133
3134
3136
3137
3139
3140
3143
3145
3148
3151
3152
3155
3156
3157
3158
3160
3162
3165
3167
3172
3174
3176
3178
3179
3180
3181
3182
3184
3185
3186
3188
3189
3191
3192
3193
3194
3195
3197
3204
3205
3206
3208
3210
3211
3212
3213
3215
3216
3218
3219
3220
3225
3226
3228
3229
3231
3235
3237
3239
3240
3244
3245
3250
3251
3252
3253
3256
3257
3258
3260
3261
3263
3264
3265
3266
3271
3277
3279
3284
3285
3286
3288
3289
3290
3291
3293
3297
3300
3303
3305
3306
3308
3311
3314
3316
3317
3319
3320
3321
3322
3324
3333
3334
3335
3341
3343
3344
3348
3349
3350
3351
3352
3353
3358
3359
3360
3362
3363
3365
3366
3368
3369
3370
3371
3374
3375
3377
3381
3383
3385
3386
3387
3388
3389
3390
3391
3392
3397
3398
3399
3400
3402
3403
3405
3407
3408
3412
3415
3417
3418
3419
3420
3421
3423
3425
3426
3429
3430
3431
3432
3433
3434
3438
3439
3441
3442
3443
3444
3445
3447
3454
3456
3457
3459
3463
3465
3468
3469
3471
3478
3483
3486
3488
3490
3491
3492
3501
3502
3504
3505
3507
3508
3514
3515
3516
3517
3518
3522
3523
3524
3525
3526
3530
3532
3533
3535
3537
3539
3541
3542
3543
3544
3545
3546
3547
3548
3551
3552
3553
3554
3555
3557
3558
3560
3561
3562
3564
3565
3566
3567
3568
3569
3570
3571
3572
3576
3577
3578
3583
3588
3589
3590
3591
3592
3593
3594
3596
3597
3598
3599
3603
3605
3607
3612
3621
3622
3627
3628
3629
3632
3633
3634
3639
3640
3641
3642
3643
3644
3647
3653
3656
3657
3658
3659
3660
3663
3667
3668
3669
3670
3672
3673
3674
3676
3678
3685
3686
3687
3688
3689
3690
3693
3695
3697
3699
3704
3707
3708
3711
3712
3715
3716
3717
3718
3719
3721
3723
3724
3725
3730
3736
3738
3742
3743
3744
3746
3748
3750
3757
3758
3759
3763
3765
3767
3768
3769
3771
3772
3773
3781
3782
3785
3787
3788
3789
3791
3792
3793
3794
3795
3796
3797
3799
3800
3802
3805
3807
3810
3811
3813
3815
3816
3818
3819
3825
3828
3829
3830
3831
3832
3833
3834
3837
3838
3839
3840
3841
3842
3844
3845
3846
3847
3853
3856
3857
3858
3861
3862
3863
3865
3866
3868
3869
3873
3880
3881
3882
3884
3886
3890
3891
3893
3896
3897
3898
3902
3904
3905
3906
3909
3910
3911
3914
3918
3919
3921
3922
3923
3925
3926
3928
3932
3933
3936
3937
3943
3944
3945
3950
3951
3953
3955
3961
3963
3964
3965
3971
3972
3975
3976
3977
3978
3979
3980
3981
3983
3987
3988
3991
3993
3994
3995
3997
3999
4002
4006
4009
4011
4015
4018
4020
4027
4029
4031
4032
4033
4034
4035
4037
4048
4053
4054
4056
4060
4061
4067
4072
4073
4075
4079
4080
4081
4085
4087
4091
4095
4096
4097
4102
4103
4104
4115
4120
4126
4127
4128
4129
4130
4131
4132
4134
4136
4138
4140
4142
4145
4147
4148
4149
4152
4157
4158
4159
4164
4165
4166
4167
4168
4169
4176
4177
4180
4181
4182
4186
4189
4193
4195
4197
4198
4199
4201
4202
4204
4206
4207
4209
4212
4213
4214
4215
4216
4217
4219
4221
4226
4228
4229
4231
4232
4237
4241
4242
4244
4245
4248
4249
4250
4253
4254
4256
4257
4261
4266
4267
4269
4273
4274
4276
4277
4280
4281
4282
4287
4288
4289
4290
4291
4295
4301
4302
4305
4306
4307
4308
4309
4317
4318
4319
4321
4324
4326
4329
4330
4333
4334
4335
4339
4340
4341
4342
4343
4344
4345
4346
4349
4350
4351
4352
4355
4357
4358
4359
4361
4364
4365
4366
4367
4369
4370
4371
4372
4373
4377
4378
4379
4380
4381
4384
4385
4386
4390
4391
4394
4396
4397
4399
4401
4402
4404
4405
4406
4408
4409
4411
4412
4413
4414
4415
4416
4417
4426
4428
4429
4431
4432
4433
4434
4436
4437
4438
4439
4440
4442
4443
4444
4445
4448
4450
4451
4452
4454
4460
4471
4473
4475
4480
4481
4482
4483
4484
4488
4489
4490
4491
4492
4493
4496
4497
4498
4500
4501
4502
4505
4508
4510
4512
4514
4515
4517
4520
4521
4522
4523
4524
4527
4528
4529
4530
4535
4537
4538
4539
4542
4543
4544
4545
4547
4549
4550
4553
4556
4557
4558
4559
4560
4561
4562
4564
4565
4566
4568
4569
4570
4571
4573
4574
4581
4583
4584
4585
4586
4587
4590
4595
4598
4602
4603
4604
4606
4607
4608
4610
4611
4612
4614
4615
4616
4619
4622
4625
4627
4628
4630
4631
4632
4634
4636
4638
4639
4643
4645
4647
4648
4650
4654
4655
4656
4658
4659
4660
4661
4662
4663
4664
4665
4667
4668
4669
4670
4671
4673
4676
4677
4686
4691
4693
4694
4695
4698
4700
4701
4702
4703
4709
4712
4713
4714
4715
4717
4718
4719
4720
4724
4725
4727
4728
4729
4736
4737
4738
4739
4740
4742
4743
4744
4746
4747
4748
4751
4757
4758
4760
4761
4762
4763
4764
4765
4766
4767
4771
4772
4774
4775
4776
4781
4782
4783
4785
4788
4790
4791
4792
4793
4794
4800
4802
4808
4809
4810
4813
4816
4820
4821
4822
4823
4824
4825
4830
4831
4832
4833
4834
4838
4839
4841
4842
4845
4856
4857
4860
4861
4862
4864
4865
4866
4869
4870
4872
4873
4875
4878
4881
4886
4887
4890
4894
4895
4896
4897
4898
4899
4909
4911
4914
4916
4917
4918
4919
4921
4922
4923
4926
4930
4931
4933
4936
4938
4939
4940
4942
4943
4946
4947
4948
4949
4954
4955
4956
4957
4959
4963
4965
4966
4967
4969
4970
4973
4974
4976
4977
4979
4980
4981
4982
4983
4985
4987
4990
4992
4993
4994
4995
4996
4997
4999
5003
5006
5008
5011
5012
5013
5015
5016
5017
5020
5021
5022
5023
5024
5025
5026
5028
5029
5031
5034
5036
5038
5039
5041
5045
5050
5053
5056
5058
5059
5060
5061
5062
5063
5064
5069
5070
5071
5072
5073
5077
5079
5080
5081
5084
5085
5086
5089
5091
5092
5094
5095
5096
5099
5100
5103
5104
5105
5106
5107
5108
5109
5110
5111
5114
5115
5119
5120
5121
5122
5123
5124
5125
5127
5128
5129
5130
5131
5133
5134
5135
5137
5138
5140
5141
5143
5145
5147
5151
5153
5154
5156
5157
5159
5160
5161
5163
5164
5165
5166
5167
5172
5173
5175
5177
5178
5180
5181
5182
5183
5184
5185
5186
5187
5188
5190
5194
5196
5197
5204
5205
5207
5209
5210
5213
5214
5216
5218
5219
5220
5222
5227
5233
5236
5239
5241
5242
5243
5244
5246
5247
5248
5249
5251
5252
5253
5256
5258
5262
5263
5267
5269
5271
5272
5273
5277
5278
5279
5280
5282
5284
5287
5288
5289
5290
5292
5293
5295
5296
5297
5298
5301
5303
5304
5309
5311
5312
5313
5315
5316
5318
5319
5320
5321
5322
5323
5324
5327
5328
5329
5330
5331
5332
5333
5334
5337
5342
5343
5344
5345
5346
5347
5349
5350
5352
5355
5356
5357
5359
5360
5362
5364
5365
5366
5367
5368
5369
5372
5374
5376
5377
5378
5381
5382
5383
5384
5386
5390
5392
5393
5394
5395
5397
5398
5401
5403
5406
5407
5408
5415
5416
5418
5420
5421
5424
5425
5427
5428
5430
5431
5432
5435
5436
5442
5443
5444
5445
5447
5448
5449
5450
5452
5454
5455
5456
5457
5461
5463
5465
5468
5469
5470
5472
5473
5476
5477
5479
5480
5482
5483
5484
5485
5488
5489
5490
5491
5494
5495
5497
5498
5499
5501
5503
5505
5506
5507
5508
5511
5513
5515
5516
5517
5519
5520
5524
5525
5527
5529
5530
5533
5534
5535
5536
5538
5539
5540
5541
5542
5545
5546
5547
5548
5549
5553
5556
5559
5562
5565
5567
5569
5571
5573
5576
5577
5578
5580
5581
5588
5591
5592
5594
5596
5597
5598
5600
5603
5604
5606
5607
5608
5610
5611
5613
5615
5616
5617
5618
5620
5621
5624
5625
5626
5627
5628
5631
5633
5634
5635
5639
5640
5642
5643
5644
5645
5647
5650
5652
5653
5654
5655
5656
5657
5658
5659
5661
5662
5665
5666
5667
5669
5671
5673
5677
5678
5679
5680
5682
5683
5684
5688
5689
5693
5695
5696
5697
5702
5703
5706
5707
5708
5709
5710
5711
5712
5715
5716
5718
5719
5720
5721
5722
5723
5724
5725
5726
5727
5729
5730
5731
5734
5735
5736
5740
5743
5748
5750
5751
5753
5754
5755
5757
5758
5759
5760
5763
5765
5767
5768
5769
5771
5772
5773
5776
5777
5780
5781
5786
5787
5788
5790
5791
5794
5795
5796
5799
5801
5803
5804
5805
5810
5811
5812
5814
5817
5818
5820
5821
5823
5824
5825
5826
5827
5828
5829
5831
5834
5835
5837
5840
5841
5842
5843
5844
5845
5846
5847
5848
5849
5850
5851
5853
5855
5856
5857
5858
5859
5860
5861
5862
5863
5864
5865
5866
5867
5869
5870
5872
5873
5874
5877
5878
5879
5882
5883
5884
5885
5886
5887
5888
5891
5893
5894
5896
5897
5898
5899
5900
5902
5905
5907
5910
5912
5913
5914
5915
5917
5919
5921
5922
5923
5925
5926
5930
5931
5932
5933
5935
5936
5937
5938
5939
5940
5942
5943
5944
5948
5949
5950
5956
5959
5960
5962
5965
5966
5967
5968
5969
5970
5971
5976
5977
5978
5979
5984
5986
5987
5990
5995
5997
5998
5999
6001
6002
6003
6005
6006
6007
6009
6013
6014
6023
6028
6030
6032
6033
6039
6041
6042
6044
6045
6053
6056
6058
6060
6062
6063
6065
6070
6072
6075
6078
6080
6081
6084
6086
6087
6088
6092
6095
6097
6098
6099
6103
6109
6113
6114
6115
6120
6127
6128
6129
6130
6133
6137
6138
6142
6144
6146
6147
6150
6151
6152
6153
6154
6157
6161
6169
6172
6180
6185
6190
6192
6193
6194
6199
6204
6205
6207
6209
6210
6211
6225
6236
6242
6246
6247
6248
6252
6253
6256
6257
6
7
9
10
37
43
67
76
90
92
96
99
103
104
107
111
134
136
138
142
146
147
150
152
153
160
163
164
165
167
174
175
176
184
186
188
194
195
206
211
221
239
242
247
255
271
279
294
300
301
309
322
331
332
339
340
347
349
352
356
359
364
372
373
378
381
383
388
391
400
408
409
412
415
421
422
432
433
435
436
446
447
454
457
462
475
477
488
489
494
498
501
509
513
516
518
524
529
534
535
537
542
549
551
559
560
561
562
568
571
573
582
584
590
593
595
602
605
608
628
638
642
646
649
658
667
676
678
679
685
686
702
705
714
732
733
749
754
798
800
813
816
819
828
843
851
853
862
868
873
874
881
887
888
901
902
905
908
917
919
923
927
928
934
942
953
956
965
966
969
970
977
993
1000
1001
1005
1012
1013
1021
1023
1032
1033
1043
1048
1052
1055
1056
1058
1060
1065
1079
1096
1104
1106
1111
1121
1145
1158
1159
1171
1190
1196
1203
1206
1219
1220
1222
1225
1228
1229
1234
1259
1267
1270
1271
1274
1276
1277
1278
1288
1290
1297
1298
1300
1303
1304
1306
1307
1314
1324
1333
1338
1339
1340
1341
1345
1356
1360
1361
1363
1364
1367
1368
1369
1370
1372
1373
1374
1375
1377
1378
1379
1380
1381
1383
1385
1387
1390
1396
1397
1400
1401
1404
1406
1410
1412
1415
1417
1419
1420
1422
1423
1424
1426
1431
1435
1446
1448
1452
1453
1454
1456
1459
1462
1464
1475
1476
1479
1484
1487
1490
1492
1502
1505
1507
1508
1511
1512
1516
1517
1518
1519
1520
1526
1530
1535
1536
1542
1543
1544
1547
1548
1550
1554
1555
1556
1557
1558
1560
1562
1564
1565
1569
1572
1573
1576
1582
1587
1588
1592
1598
1606
1609
1611
1613
1627
1628
1629
1631
1634
1635
1638
1642
1645
1648
1650
1653
1654
1657
1660
1662
1664
1665
1669
1671
1678
1680
1681
1682
1686
1703
1711
1714
1715
1722
1726
1728
1733
1735
1737
1740
1742
1743
1750
1752
1754
1755
1757
1758
1759
1760
1763
1764
1767
1770
1772
1773
1775
1777
1779
1785
1791
1793
1796
1802
1804
1806
1809
1814
1819
1823
1825
1832
1837
1838
1844
1845
1847
1852
1855
1859
1868
1878
1884
1889
1890
1891
1896
1901
1906
1908
1915
1916
1927
1932
1934
1942
1945
1950
1954
1957
1965
1972
1974
1986
2000
2003
2006
2008
2011
2012
2016
2023
2026
2030
2033
2041
2042
2045
2046
2051
2054
2060
2062
2063
2065
2069
2086
2091
2092
2093
2099
2105
2110
2120
2130
2140
2143
2145
2153
2162
2166
2168
2175
2179
2180
2183
2184
2190
2191
2192
2196
2203
2206
2219
2222
2225
2228
2234
2235
2236
2243
2244
2246
2247
2248
2252
2254
2260
2261
2269
2271
2274
2276
2277
2279
2282
2290
2297
2300
2306
2316
2317
2325
2329
2338
2346
2348
2349
2355
2359
2360
2362
2367
2388
2390
2392
2400
2402
2406
2418
2420
2438
2442
2444
2446
2450
2452
2456
2459
2463
2465
2466
2470
2479
2485
2486
2495
2502
2503
2510
2512
2513
2520
2522
2523
2528
2530
2534
2538
2540
2541
2547
2554
2557
2559
2560
2561
2563
2567
2568
2570
2577
2581
2587
2593
2596
2597
2598
2600
2601
2606
2607
2611
2613
2617
2626
2629
2630
2631
2643
2644
2646
2647
2651
2656
2659
2665
2666
2670
2676
2680
2681
2683
2692
2698
2701
2704
2710
2711
2712
2714
2725
2731
2734
2735
2738
2749
2750
2753
2760
2768
2772
2774
2777
2788
2790
2793
2796
2797
2799
2803
2805
2814
2816
2819
2825
2827
2832
2834
2835
2837
2847
2853
2854
2858
2860
2862
2866
2868
2874
2875
2878
2883
2891
2892
2896
2897
2909
2910
2911
2918
2919
2920
2923
2926
2928
2935
2937
2940
2942
2944
2953
2964
2973
2977
2989
2990
2999
3003
3014
3023
3024
3026
3029
3032
3033
3034
3037
3040
3041
3042
3048
3073
3089
3090
3091
3094
3108
3109
3110
3123
3125
3135
3144
3147
3149
3163
3166
3169
3170
3177
3187
3190
3198
3199
3200
3201
3202
3207
3222
3230
3238
3242
3248
3249
3254
3255
3259
3267
3268
3273
3275
3280
3281
3302
3304
3307
3312
3315
3327
3329
3338
3339
3345
3354
3355
3356
3364
3376
3382
3384
3393
3395
3401
3404
3413
3416
3424
3427
3435
3436
3437
3449
3458
3460
3461
3464
3466
3472
3473
3476
3477
3481
3485
3487
3493
3503
3510
3511
3528
3531
3549
3550
3579
3580
3581
3595
3602
3610
3611
3613
3616
3620
3635
3646
3649
3650
3654
3664
3671
3677
3679
3682
3684
3692
3696
3698
3701
3703
3705
3709
3728
3735
3749
3764
3774
3777
3778
3783
3804
3808
3814
3820
3822
3823
3835
3836
3849
3852
3859
3870
3872
3878
3879
3883
3885
3887
3894
3895
3901
3915
3916
3920
3929
3930
3931
3934
3935
3939
3940
3941
3946
3947
3948
3949
3952
3957
3959
3966
3967
3970
3973
3984
3996
4001
4003
4007
4010
4014
4017
4019
4022
4024
4038
4039
4040
4041
4043
4046
4052
4057
4059
4062
4064
4065
4066
4068
4070
4074
4084
4086
4089
4093
4094
4098
4099
4101
4105
4108
4110
4112
4114
4116
4118
4123
4125
4135
4141
4144
4151
4156
4172
4175
4183
4190
4191
4196
4203
4208
4210
4222
4223
4225
4233
4234
4235
4236
4246
4255
4264
4265
4270
4271
4279
4284
4293
4296
4303
4311
4312
4314
4322
4331
4337
4360
4363
4368
4374
4393
4395
4398
4407
4410
4420
4423
4430
4441
4446
4447
4449
4453
4455
4459
4463
4469
4470
4476
4495
4506
4507
4511
4513
4516
4518
4519
4531
4533
4551
4552
4554
4555
4575
4594
4596
4597
4599
4601
4605
4609
4613
4617
4618
4623
4624
4629
4633
4640
4651
4652
4653
4657
4666
4674
4680
4681
4687
4692
4697
4705
4722
4726
4734
4745
4749
4755
4770
4773
4778
4779
4784
4787
4795
4796
4797
4798
4803
4804
4806
4819
4826
4835
4836
4844
4847
4849
4855
4858
4859
4863
4867
4882
4883
4889
4893
4901
4904
4906
4907
4908
4924
4925
4927
4928
4932
4950
4951
4952
4962
4975
4978
4986
5000
5001
5002
5010
5019
5037
5054
5065
5076
5078
5088
5098
5126
5139
5142
5150
5152
5162
5168
5171
5193
5198
5206
5208
5211
5212
5215
5221
5223
5225
5240
5245
5254
5259
5266
5268
5270
5274
5275
5283
5291
5294
5305
5306
5307
5314
5317
5325
5335
5353
5361
5363
5370
5371
5373
5379
5387
5391
5399
5409
5410
5412
5414
5417
5419
5422
5437
5438
5439
5441
5453
5462
5466
5467
5471
5474
5475
5478
5486
5492
5509
5512
5518
5522
5526
5543
5544
5551
5555
5557
5558
5560
5561
5564
5582
5584
5585
5590
5593
5595
5619
5623
5637
5638
5641
5646
5648
5660
5663
5670
5672
5685
5687
5694
5698
5699
5700
5701
5713
5714
5717
5728
5737
5739
5745
5746
5749
5752
5761
5770
5785
5789
5792
5797
5798
5800
5808
5809
5813
5816
5819
5832
5838
5839
5852
5868
5871
5890
5906
5911
5924
5934
5947
5955
5973
5981
5988
5991
5993
5996
6004
6010
6011
6017
6019
6022
6029
6034
6035
6036
6038
6046
6050
6054
6055
6059
6067
6069
6071
6076
6094
6096
6100
6107
6108
6111
6117
6118
6121
6122
6123
6126
6134
6135
6136
6139
6145
6148
6163
6165
6167
6168
6171
6173
6175
6178
6179
6183
6186
6187
6188
6189
6195
6198
6200
6203
6206
6218
6219
6224
6228
6230
6233
6237
6239
6241
6244
6250
6251
6258
6260
31
51
53
61
70
77
87
109
137
151
181
190
203
256
266
269
270
272
276
287
303
313
323
324
325
328
338
343
354
367
386
393
403
426
442
443
445
469
470
471
481
482
493
592
597
604
606
607
626
641
647
656
668
700
710
739
743
744
764
799
809
822
824
831
849
852
870
895
898
924
930
937
973
976
979
998
999
1009
1014
1031
1094
1135
1149
1162
1170
1177
1204
1205
1247
1260
1264
1265
1268
1269
1275
1286
1289
1291
1294
1296
1305
1311
1312
1316
1317
1321
1323
1326
1332
1335
1337
1342
1343
1350
1384
1386
1388
1391
1393
1395
1402
1405
1411
1413
1414
1416
1418
1421
1434
1438
1439
1441
1443
1444
1445
1449
1451
1457
1465
1466
1467
1473
1477
1478
1482
1488
1489
1493
1500
1503
1506
1509
1510
1531
1532
1533
1538
1539
1541
1546
1549
1551
1559
1575
1583
1584
1586
1591
1593
1599
1600
1601
1604
1607
1608
1610
1615
1616
1617
1618
1619
1620
1626
1632
1633
1647
1649
1658
1659
1661
1670
1672
1673
1674
1675
1676
1683
1694
1696
1698
1702
1704
1705
1710
1716
1731
1739
1747
1748
1756
1768
1771
1784
1789
1799
1805
1807
1810
1811
1813
1815
1818
1820
1821
1827
1828
1831
1848
1851
1853
1857
1858
1860
1862
1865
1885
1895
1938
1943
1959
1961
1978
1999
2025
2055
2068
2084
2095
2100
2139
2164
2169
2171
2172
2188
2189
2231
2250
2255
2280
2327
2328
2333
2345
2377
2380
2382
2410
2419
2421
2428
2451
2460
2481
2504
2507
2516
2542
2549
2551
2566
2584
2590
2635
2640
2660
2661
2679
2697
2703
2706
2720
2733
2739
2743
2744
2747
2748
2766
2784
2791
2795
2812
2821
2833
2865
2885
2890
2894
2898
2900
2915
2916
2938
2941
2946
2957
2959
2965
2970
2971
2975
2981
2986
2993
2997
3000
3006
3011
3075
3096
3131
3146
3150
3159
3175
3203
3214
3233
3243
3247
3294
3295
3301
3378
3414
3446
3448
3467
3482
3495
3496
3497
3500
3506
3512
3513
3529
3534
3536
3538
3573
3574
3582
3608
3614
3615
3617
3619
3625
3631
3637
3645
3651
3655
3662
3665
3666
3675
3680
3681
3691
3720
3722
3726
3727
3731
3745
3747
3766
3786
3790
3801
3821
3854
3855
3876
3877
3888
3889
3899
3900
3907
3908
3913
3917
3927
3942
3956
3968
3982
3986
3989
3990
3992
4000
4004
4005
4008
4012
4013
4016
4021
4023
4025
4026
4030
4042
4044
4045
4047
4049
4050
4051
4058
4063
4069
4071
4076
4078
4083
4088
4100
4111
4113
4117
4119
4121
4122
4124
4133
4143
4153
4171
4178
4188
4192
4200
4205
4218
4220
4230
4243
4247
4252
4258
4262
4263
4286
4294
4297
4299
4315
4320
4323
4332
4388
4427
4474
4485
4486
4509
4563
4572
4582
4588
4591
4592
4593
4621
4637
4707
4721
4733
4741
4750
4759
4768
4769
4786
4799
4801
4817
4818
4837
4843
4846
4879
4880
4884
4885
4892
4902
4903
4905
4913
4915
4920
4929
4934
4937
4944
4945
4953
4960
4964
4968
4972
4984
4998
5043
5048
5049
5057
5113
5118
5146
5229
5230
5237
5255
5265
5281
5285
5308
5354
5358
5404
5413
5423
5440
5446
5451
5493
5523
5532
5552
5572
5575
5605
5632
5681
5686
5691
5692
5704
5738
5741
5744
5756
5774
5778
5779
5782
5793
5807
5815
5875
5880
5889
5892
5908
5920
5927
5941
5946
5954
5961
5974
6016
6018
6031
6037
6048
6052
6064
6066
6073
6077
6079
6083
6089
6091
6101
6102
6104
6105
6106
6116
6124
6125
6132
6140
6141
6143
6149
6159
6162
6170
6174
6181
6184
6191
6196
6201
6202
6213
6214
6215
6216
6226
6227
6229
6231
6232
6235
6240
6243
16
55
65
68
79
101
106
122
123
124
143
145
149
158
200
201
240
277
278
306
315
329
342
355
360
385
394
413
414
427
465
487
504
520
526
530
536
539
544
563
564
567
570
572
583
591
616
624
629
634
662
663
665
681
699
701
712
729
737
740
752
762
785
786
788
789
790
835
858
859
918
972
986
1004
1007
1026
1028
1029
1040
1105
1108
1126
1127
1132
1136
1146
1147
1161
1163
1193
1194
1200
1214
1216
1235
1245
1250
1301
1310
1313
1319
1334
1336
1347
1348
1349
1382
1407
1408
1425
1437
1450
1458
1515
1523
1524
1537
1545
1553
1589
1605
1621
1622
1623
1625
1636
1643
1655
1656
1693
1697
1700
1701
1712
1718
1732
1734
1741
1765
1776
1781
1803
1830
1864
1899
1918
1926
1940
1941
1944
1966
1967
1973
1975
1980
1988
1989
1995
2019
2027
2034
2036
2081
2082
2094
2104
2144
2152
2159
2187
2193
2194
2199
2229
2249
2257
2259
2285
2286
2288
2291
2296
2299
2308
2313
2330
2340
2341
2373
2379
2393
2403
2404
2407
2408
2416
2426
2445
2447
2453
2474
2484
2489
2492
2501
2514
2526
2536
2537
2539
2545
2579
2582
2655
2672
2673
2693
2707
2713
2719
2721
2724
2736
2756
2762
2776
2779
2786
2789
2792
2798
2820
2823
2840
2845
2855
2857
2863
2877
2884
2886
2887
2888
2907
2913
2914
2958
2961
2979
3004
3012
3021
3031
3039
3043
3070
3076
3079
3098
3105
3124
3154
3161
3164
3168
3173
3209
3224
3236
3292
3299
3309
3318
3337
3342
3357
3373
3379
3396
3409
3411
3422
3440
3451
3452
3453
3455
3494
3499
3540
3585
3586
3601
3604
3606
3609
3624
3630
3638
3648
3661
3683
3700
3706
3710
3713
3729
3739
3740
3753
3760
3803
3809
3812
3824
3850
3874
3875
3892
3903
3938
3998
4036
4055
4082
4090
4137
4146
4150
4160
4161
4179
4187
4194
4211
4227
4238
4239
4240
4251
4259
4260
4268
4292
4298
4300
4316
4338
4354
4376
4382
4383
4389
4421
4456
4462
4467
4468
4472
4477
4478
4487
4503
4536
4540
4576
4589
4600
4626
4642
4649
4675
4678
4684
4689
4690
4704
4708
4716
4731
4732
4735
4780
4805
4815
4827
4851
4852
4853
4854
4874
4877
4900
4910
4935
5009
5014
5027
5035
5040
5046
5047
5051
5055
5066
5074
5082
5090
5102
5112
5116
5117
5149
5169
5170
5192
5195
5201
5202
5226
5228
5231
5232
5260
5261
5276
5302
5326
5336
5341
5348
5351
5375
5385
5389
5405
5429
5434
5458
5500
5510
5528
5537
5566
5574
5579
5587
5601
5612
5630
5636
5651
5668
5705
5747
5762
5764
5784
5822
5830
5881
5895
5901
5909
5928
5929
5952
5957
5972
5992
5994
6000
6020
6025
6026
6027
6051
6057
6074
6085
6090
6093
6110
6131
6156
6160
6164
6176
6197
6208
6217
6222
6255
3
4
8
35
38
48
49
69
78
91
128
159
166
171
177
185
197
207
208
222
223
224
236
237
246
248
249
274
275
302
308
310
318
321
333
341
351
353
365
380
392
395
396
401
410
428
431
439
453
456
464
466
472
480
502
506
507
522
527
555
565
569
579
609
618
627
639
640
655
659
660
670
671
680
696
697
703
721
731
736
745
751
763
774
780
804
806
807
811
814
817
821
841
842
872
879
885
909
920
921
925
926
929
947
950
952
964
967
978
983
1002
1003
1006
1010
1011
1039
1047
1071
1084
1099
1116
1118
1137
1143
1148
1168
1179
1187
1191
1208
1210
1212
1233
1238
1246
1248
1251
1262
1279
1285
1287
1309
1329
1346
1355
1359
1436
1474
1514
1522
1574
1577
1580
1624
1663
1684
1695
1717
1736
1778
1782
1812
1816
1817
1826
1843
1892
1905
1913
1922
1931
1936
1968
1971
1990
1991
1996
2002
2004
2005
2014
2015
2050
2058
2061
2067
2070
2075
2077
2098
2111
2115
2121
2122
2123
2134
2141
2147
2149
2160
2161
2163
2165
2176
2197
2217
2223
2224
2226
2242
2268
2278
2287
2342
2344
2351
2381
2383
2387
2395
2405
2412
2417
2422
2427
2431
2471
2473
2476
2477
2480
2488
2493
2494
2508
2509
2511
2515
2524
2529
2531
2532
2533
2553
2558
2592
2609
2614
2616
2618
2641
2650
2657
2685
2700
2718
2741
2745
2751
2752
2754
2763
2783
2794
2828
2842
2848
2851
2856
2861
2901
2912
2930
2947
2962
2966
2978
2988
2998
3020
3036
3044
3052
3053
3054
3066
3087
3092
3093
3115
3117
3138
3141
3153
3183
3196
3217
3221
3223
3234
3241
3246
3262
3269
3270
3272
3274
3276
3278
3282
3283
3287
3296
3310
3313
3323
3325
3326
3328
3330
3331
3332
3336
3340
3346
3347
3361
3367
3372
3380
3406
3410
3428
3450
3462
3470
3474
3475
3479
3480
3484
3489
3498
3509
3519
3520
3521
3527
3556
3559
3563
3575
3584
3587
3600
3618
3623
3626
3636
3652
3694
3702
3732
3733
3734
3737
3741
3751
3752
3754
3755
3756
3761
3770
3775
3776
3779
3780
3784
3798
3806
3817
3826
3827
3843
3848
3851
3860
3864
3867
3871
3924
3958
3960
3962
3969
3974
3985
4028
4077
4106
4107
4109
4154
4162
4163
4173
4174
4185
4224
4275
4283
4285
4304
4310
4313
4325
4327
4328
4336
4347
4348
4353
4356
4375
4387
4392
4400
4418
4419
4424
4425
4435
4457
4458
4461
4464
4465
4466
4494
4499
4504
4525
4526
4534
4541
4546
4548
4567
4577
4578
4579
4580
4620
4635
4641
4644
4646
4672
4679
4682
4683
4685
4688
4696
4706
4710
4711
4723
4730
4752
4753
4754
4756
4777
4789
4811
4814
4828
4829
4848
4850
4868
4871
4941
4961
4971
4988
4989
4991
5004
5005
5007
5030
5033
5042
5044
5052
5067
5075
5083
5087
5093
5097
5101
5132
5136
5144
5148
5155
5158
5176
5179
5189
5191
5199
5200
5203
5217
5224
5234
5238
5250
5257
5264
5286
5299
5310
5338
5339
5340
5380
5388
5400
5411
5426
5433
5459
5460
5464
5487
5496
5504
5514
5521
5531
5550
5554
5563
5568
5570
5583
5586
5589
5599
5602
5609
5622
5629
5649
5664
5675
5676
5690
5732
5733
5742
5766
5775
5802
5806
5833
5836
5854
5876
5903
5904
5916
5918
5945
5951
5953
5964
5975
5980
5983
5985
5989
6008
6012
6015
6021
6024
6040
6047
6049
6061
6068
6082
6112
6119
6155
6158
6166
6177
6182
6212
6221
6223
6234
6238
6245
6249
6254
6259
